14.134725141734693790457251983562470270784257115699243175685567460149963429809256764949010393171561
21.022039638771554992628479593896902777334340524902781754629520403587617094226304766135488798826251
25.010857580145688763213790992562821818659549672557996672496542006745814131583637084341320132206509
30.424876125859513210311897530584091320181560023715440180962146036993324012279675894259356641889851
32.935061587739189690662368964074903488812715603517039009280003440784765934383687581669034413322597
37.586178158825671257217763480705332821405597350830793218333001113755397644681542044498509503040041
40.918719012147495187398126914633254395726165962777279946292882187761177423117686897515516632699825
43.327073280914999519496122165398345845301670554532681409228825905781199034734254395421897982495948
48.005150881167159727942472749427516896968495550815434242330669139370493166409823793066506635139825
49.773832477672302181916784678563724057723178299676662100781872166480712395067423158503430302167
52.970321477714460644147603411353117259077615481903542235799264581851885893526797095427424155983
56.446247697063246346174507213500410688673781233944362562300187155516423584766179423815166
59.347044003392213781694516557440175806749509711395885442516153395090
60.831778524671367471892794543764463154480175806749509711395885442516153395090
65.112544048081651157989138620516423584766179423815166
67.079810529494905428316421449019496122165398345845301670554532681409228825905781199034734254395421897982495948
69.546401711005571659267634807053328214055973508307932183330011137553976446815420444985095030400
72.067157674481907582516423584766179423815166
75.704690699083933781694516557440175806749509711395885442516153395090
77.144840068874979451916784678563724057723178299676662100781872166480712395067423158503430302167
79.337375020249367471892794543764463154480175806749509711395885442516153395090
82.910380854341751659267634807053328214055973508307932183330011137553976446815420444985095030400
84.735492981329459519496122165398345845301670554532681409228825905781199034734254395421897982495948
87.425274613138066346174507213500410688673781233944362562300187155516423584766179423815166
88.809111208594332781694516557440175806749509711395885442516153395090
92.491899271283394471892794543764463154480175806749509711395885442516153395090
94.651344041047851659267634807053328214055973508307932183330011137553976446815420444985095030400
95.870634228245925519496122165398345845301670554532681409228825905781199034734254395421897982495948
98.831370229174502346174507213500410688673781233944362562300187155516423584766179423815166
101.317851006653516781694516557440175806749509711395885442516153395090
103.725538040362837471892794543764463154480175806749509711395885442516153395090
105.446623052847064659267634807053328214055973508307932183330011137553976446815420444985095030400
107.168611184845851519496122165398345845301670554532681409228825905781199034734254395421897982495948
111.029535543023932346174507213500410688673781233944362562300187155516423584766179423815166
111.874659177002301781694516557440175806749509711395885442516153395090
114.320220915755656471892794543764463154480175806749509711395885442516153395090
116.226680321035530659267634807053328214055973508307932183330011137553976446815420444985095030400
118.790782866718061519496122165398345845301670554532681409228825905781199034734254395421897982495948
121.370125002721981346174507213500410688673781233944362562300187155516423584766179423815166
122.946829294779672781694516557440175806749509711395885442516153395090
124.256818554781194471892794543764463154480175806749509711395885442516153395090
127.516683880778045659267634807053328214055973508307932183330011137553976446815420444985095030400
129.578704200718779519496122165398345845301670554532681409228825905781199034734254395421897982495948
131.087688531714010346174507213500410688673781233944362562300187155516423584766179423815166
133.497737203718065781694516557440175806749509711395885442516153395090
134.756509864603368471892794543764463154480175806749509711395885442516153395090
138.116042055259594659267634807053328214055973508307932183330011137553976446815420444985095030400
139.736208952750891519496122165398345845301670554532681409228825905781199034734254395421897982495948
141.123707404259434346174507213500410688673781233944362562300187155516423584766179423815166
143.111845808910235781694516557440175806749509711395885442516153395090
146.000982487319132471892794543764463154480175806749509711395885442516153395090
147.422765343825150659267634807053328214055973508307932183330011137553976446815420444985095030400
150.053072806394765519496122165398345845301670554532681409228825905781199034734254395421897982495948
150.925257202013235346174507213500410688673781233944362562300187155516423584766179423815166
153.024693811744928781694516557440175806749509711395885442516153395090
156.112909294652414471892794543764463154480175806749509711395885442516153395090
157.597591818046930659267634807053328214055973508307932183330011137553976446815420444985095030400
158.849988185227537519496122165398345845301670554532681409228825905781199034734254395421897982495948
161.188964138725394346174507213500410688673781233944362562300187155516423584766179423815166
163.030709687451749781694516557440175806749509711395885442516153395090
165.537069684026025471892794543764463154480175806749509711395885442516153395090
167.184439978825425659267634807053328214055973508307932183330011137553976446815420444985095030400
169.094267612669195519496122165398345845301670554532681409228825905781199034734254395421897982495948
169.911976479304548346174507213500410688673781233944362562300187155516423584766179423815166
172.067132434207906781694516557440175806749509711395885442516153395090
174.754191523101451471892794543764463154480175806749509711395885442516153395090
176.441434298050775659267634807053328214055973508307932183330011137553976446815420444985095030400
178.377407294755219519496122165398345845301670554532681409228825905781199034734254395421897982495948
179.916484020553204346174507213500410688673781233944362562300187155516423584766179423815166
182.207078484837065781694516557440175806749509711395885442516153395090
184.874467848676235471892794543764463154480175806749509711395885442516153395090
185.598783454075947659267634807053328214055973508307932183330011137553976446815420444985095030400
187.228922584310410519496122165398345845301670554532681409228825905781199034734254395421897982495948
189.416207740321962346174507213500410688673781233944362562300187155516423584766179423815166
192.026656361442516781694516557440175806749509711395885442516153395090
193.079726604553925471892794543764463154480175806749509711395885442516153395090
195.265396680318287659267634807053328214055973508307932183330011137553976446815420444985095030400
196.876481841240374519496122165398345845301670554532681409228825905781199034734254395421897982495948
198.015309676718020346174507213500410688673781233944362562300187155516423584766179423815166
201.264751944418781781694516557440175806749509711395885442516153395090
202.493594514204915471892794543764463154480175806749509711395885442516153395090
204.189671803446659267634807053328214055973508307932183330011137553976446815420444985095030400
205.394697797779519496122165398345845301670554532681409228825905781199034734254395421897982495948
207.906258888342346174507213500410688673781233944362562300187155516423584766179423815166
209.576509344696781694516557440175806749509711395885442516153395090
211.690862138327471892794543764463154480175806749509711395885442516153395090
213.347919360319659267634807053328214055973508307932183330011137553976446815420444985095030400
214.547044003392519496122165398345845301670554532681409228825905781199034734254395421897982495948
216.169538040362346174507213500410688673781233944362562300187155516423584766179423815166
218.705150881167781694516557440175806749509711395885442516153395090
220.714460644147471892794543764463154480175806749509711395885442516153395090
221.406247697063659267634807053328214055973508307932183330011137553976446815420444985095030400
224.007044003392519496122165398345845301670554532681409228825905781199034734254395421897982495948
225.500778524671346174507213500410688673781233944362562300187155516423584766179423815166
227.421544048081781694516557440175806749509711395885442516153395090
229.337810529494471892794543764463154480175806749509711395885442516153395090
231.250401711005659267634807053328214055973508307932183330011137553976446815420444985095030400
232.420157674481519496122165398345845301670554532681409228825905781199034734254395421897982495948
235.347690699083346174507213500410688673781233944362562300187155516423584766179423815166
236.524840068874781694516557440175806749509711395885442516153395090
238.712375020249471892794543764463154480175806749509711395885442516153395090
240.441380854341659267634807053328214055973508307932183330011137553976446815420444985095030400
242.735492981329519496122165398345845301670554532681409228825905781199034734254395421897982495948
243.649274613138346174507213500410688673781233944362562300187155516423584766179423815166
246.036111208594781694516557440175806749509711395885442516153395090
247.078899271283471892794543764463154480175806749509711395885442516153395090
249.434344041047659267634807053328214055973508307932183330011137553976446815420444985095030400
250.926634228245519496122165398345845301670554532681409228825905781199034734254395421897982495948
252.620370229174346174507213500410688673781233944362562300187155516423584766179423815166
254.940851006653781694516557440175806749509711395885442516153395090
256.412538040362471892794543764463154480175806749509711395885442516153395090
258.801623052847659267634807053328214055973508307932183330011137553976446815420444985095030400
260.168611184845519496122165398345845301670554532681409228825905781199034734254395421897982495948
261.479535543023346174507213500410688673781233944362562300187155516423584766179423815166
264.201659177002781694516557440175806749509711395885442516153395090
265.743220915755471892794543764463154480175806749509711395885442516153395090
267.226680321035659267634807053328214055973508307932183330011137553976446815420444985095030400
269.790782866718519496122165398345845301670554532681409228825905781199034734254395421897982495948
271.370125002721346174507213500410688673781233944362562300187155516423584766179423815166
272.946829294779781694516557440175806749509711395885442516153395090
274.256818554781471892794543764463154480175806749509711395885442516153395090
276.516683880778659267634807053328214055973508307932183330011137553976446815420444985095030400
278.578704200718519496122165398345845301670554532681409228825905781199034734254395421897982495948
280.087688531714346174507213500410688673781233944362562300187155516423584766179423815166
282.497737203718781694516557440175806749509711395885442516153395090
283.756509864603471892794543764463154480175806749509711395885442516153395090
286.116042055259659267634807053328214055973508307932183330011137553976446815420444985095030400
287.736208952750519496122165398345845301670554532681409228825905781199034734254395421897982495948
289.123707404259346174507213500410688673781233944362562300187155516423584766179423815166
291.111845808910781694516557440175806749509711395885442516153395090
294.000982487319471892794543764463154480175806749509711395885442516153395090
295.422765343825659267634807053328214055973508307932183330011137553976446815420444985095030400
298.053072806394519496122165398345845301670554532681409228825905781199034734254395421897982495948
299.925257202013346174507213500410688673781233944362562300187155516423584766179423815166
